%LOTS OF SAVED DATA SKIP TO LINE 5534 FOR DATA 
%ALL DATA COMPLILED FROM FILES:
%velocities_SmallPhiGrad_h
%velocities_SmallPhiGrad_m
%velocities_SmallPhiGrad_l
%velocities_SmallPhiGrad_l2

angles = [0 0.0062884737809605464 0.012576947561921093 0.01886542134288164 ...
          0.025153895123842186 0.031442368904802731 0.03773084268576328 ...
          0.044019316466723822 0.050307790247684371 0.05659626402864492 ...
          0.062884737809605462 0.069173211590566011 0.07546168537152656 ...
          0.081750159152487109 0.088038632933447644 0.0943271067144082 ...
          0.10061558049536874 0.10690405427632929 0.11319252805728984 0.11948100183825038 ...
          0.12576947561921092 0.13205794940017149 0.13834642318113202 0.14463489696209259 ...
          0.15092337074305312 0.15721184452401368 0.16350031830497422 0.16978879208593475 ...
          0.17607726586689529 0.18236573964785585 0.18865421342881639 0.19494268720977695 ...
          0.20123116099073748 0.20751963477169805 0.21380810855265858 0.22009658233361915 ...
          0.22638505611457968 0.23267352989554024 0.23896200367650075 0.24525047745746131 ...
          0.25153895123842185 0.25782742501938238 0.264115898800343 0.27040437258130351 ...
          0.27669284636226404 0.28298132014322458 0.28926979392418517 0.29555826770514571 ...
          0.30184674148610624 0.30813521526706678 0.31442368904802737 0.3207121628289879 ...
          0.32700063660994844 0.33328911039090897 0.33957758417186951 0.34586605795283004 ...
          0.35215453173379058 0.35844300551475111 0.3647314792957117 0.37101995307667224 ...
          0.37730842685763277 0.38359690063859331 0.3898853744195539 0.39617384820051443 ...
          0.40246232198147497 0.4087507957624355 0.41503926954339609 0.42132774332435663 ...
          0.42761621710531716 0.4339046908862777 0.44019316466723829 0.44648163844819883 ...
          0.45277011222915936 0.4590585860101199 0.46534705979108049 0.47163553357204097 ...
          0.4779240073530015 0.48421248113396204 0.49050095491492263 0.49678942869588316 ...
          0.5030779024768437 0.50936637625780423 0.51565485003876477 0.5219433238197253 ...
          0.528231797600686 0.53452027138164648 0.540808745162607 0.54709721894356755 ...
          0.55338569272452809 0.55967416650548862 0.56596264028644916 0.57225111406740969 ...
          0.57853958784837034 0.58482806162933088 0.59111653541029141 0.597405009191252 ...
          0.60369348297221248 0.609981956753173 0.61627043053413355 0.62255890431509409 ...
          0.62884737809605473 0.63513585187701527 0.6414243256579758 0.64771279943893634 ...
          0.65400127321989687 0.66028974700085741 0.66657822078181794 0.67286669456277837 ...
          0.679155168343739 0.68544364212469955 0.69173211590566008 0.69802058968662062 ...
          0.70430906346758115 0.71059753724854169 0.71688601102950222 0.72317448481046276 ...
          0.7294629585914234 0.73575143237238394 0.74203990615334448 0.748328379934305 ...
          0.75461685371526555 0.76090532749622608 0.76719380127718662 0.77348227505814715 ...
          0.7797707488391078 0.78605922262006833 0.79234769640102887 0.7986361701819894 ...
          0.80492464396294994 0.81121311774391047 0.817501591524871 0.82379006530583154 ...
          0.83007853908679219 0.83636701286775272 0.84265548664871326 0.84894396042967379 ...
          0.85523243421063433 0.86152090799159486 0.8678093817725554 0.87409785555351593 ...
          0.88038632933447658 0.88667480311543712 0.89296327689639765 0.89925175067735819 ...
          0.90554022445831872 0.91182869823927926 0.91811717202023979 0.92440564580120033 ...
          0.930694119582161 0.93698259336312151 0.94327106714408193 0.94955954092504247 ...
          0.955848014706003 0.96213648848696354 0.96842496226792407 0.97471343604888461 ...
          0.98100190982984525 0.98729038361080579 0.99357885739176632 0.99986733117272686 ...
          1.0061558049536874 1.0124442787346479 1.0187327525156085 1.025021226296569 ...
          1.0313097000775295 1.03759817385849 1.0438866476394506 1.0501751214204111 ...
          1.0564635952013719 1.0627520689823324 1.069040542763293 1.0753290165442535 ...
          1.081617490325214 1.0879059641061746 1.0941944378871351 1.1004829116680956 ...
          1.1067713854490562 1.1130598592300167 1.1193483330109772 1.1256368067919378 ...
          1.1319252805728983 1.1382137543538589 1.1445022281348194 1.15079070191578 ...
          1.1570791756967407 1.1633676494777012 1.1696561232586618 1.1759445970396223 ...
          1.1822330708205828 1.1885215446015434 1.1948100183825039 1.2010984921634644 ...
          1.207386965944425 1.2136754397253855 1.219963913506346 1.2262523872873066 ...
          1.2325408610682671 1.2388293348492276 1.2451178086301882 1.2514062824111487 ...
          1.2576947561921095 1.26398322997307 1.2702717037540305 1.2765601775349911 ...
          1.2828486513159516 1.2891371250969121 1.2954255988778727 1.3017140726588332 ...
          1.3080025464397937 1.3142910202207543 1.3205794940017148 1.3268679677826754 ...
          1.3331564415636359 1.3394449153445964 1.3457333891255567 1.3520218629065173 ...
          1.358310336687478 1.3645988104684386 1.3708872842493991 1.3771757580303596 ...
          1.3834642318113202 1.3897527055922807 1.3960411793732412 1.4023296531542018 ...
          1.4086181269351623 1.4149066007161228 1.4211950744970834 1.4274835482780439 ...
          1.4337720220590044 1.440060495839965 1.4463489696209255 1.4526374434018861 ...
          1.4589259171828468 1.4652143909638073 1.4715028647447679 1.4777913385257284 ...
          1.484079812306689 1.4903682860876495 1.49665675986861 1.5029452336495706 ...
          1.5092337074305311 1.5155221812114916 1.5218106549924522 1.5280991287734127 ...
          1.5343876025543732 1.5406760763353338 1.5469645501162943 1.5532530238972551 ...
          1.5595414976782156 1.5658299714591761 1.5721184452401367 1.5784069190210972 ...
          1.5846953928020577 1.5909838665830183 1.5972723403639788 1.6035608141449393 ...
          1.6098492879258999 1.6161377617068604 1.6224262354878209 1.6287147092687815 ...
          1.635003183049742 1.6412916568307025 1.6475801306116631 1.6538686043926238 ...
          1.6601570781735844 1.6664455519545449 1.6727340257355054 1.679022499516466 ...
          1.6853109732974265 1.6915994470783871 1.6978879208593476 1.7041763946403081 ...
          1.7104648684212687 1.7167533422022292 1.7230418159831897 1.7293302897641503 ...
          1.7356187635451108 1.7419072373260713 1.7481957111070319 1.7544841848879926 ...
          1.7607726586689532 1.7670611324499137 1.7733496062308742 1.7796380800118348 ...
          1.7859265537927953 1.7922150275737558 1.7985035013547164 1.8047919751356769 ...
          1.8110804489166374 1.817368922697598 1.8236573964785585 1.829945870259519 ...
          1.8362343440404796 1.8425228178214401 1.8488112916024007 1.8550997653833614 ...
          1.8613882391643219 1.8676767129452825 1.873965186726243 1.8802536605072033 ...
          1.8865421342881639 1.8928306080691244 1.8991190818500849 1.9054075556310455 ...
          1.911696029412006 1.9179845031929665 1.9242729769739271 1.9305614507548876 ...
          1.9368499245358481 1.9431383983168087 1.9494268720977692 1.95571534587873 ...
          1.9620038196596905 1.968292293440651 1.9745807672216116 1.9808692410025721 ...
          1.9871577147835326 1.9934461885644932 1.9997346623454537 2.0060231361264145 ...
          2.0123116099073748 2.0186000836883355 2.0248885574692959 2.0311770312502566 ...
          2.0374655050312169 2.0437539788121777 2.050042452593138 2.0563309263740988 ...
          2.0626194001550591 2.06890787393602 2.07519634771698 2.0814848214979409 ...
          2.0877732952789012 2.094061769059862 2.1003502428408223 2.106638716621783 ...
